14122061
14123025
14123077
14124001
14124007
14124036
14129026
14130033
13130034
13132023
14136010
14136012
14137021
14138041
14138044
14138052
14138061
14139015
14139016
14139017
14139018
14139019
14139021
14139022
14139023
14139058
14139068
14139069
14139071
14140002
14140014
14140024
14140028
14140029
14140030
14141015
14141016
14141018
14141019
14141020
14141022
14141023
14141025
14141045
14141046
14143081
14143091
14143092
14145022
14145023
14145028
14145036
14145038
14145039
14147005
14147007
14147008
14147009
14147011
14147012
14147014
14148066
14148067
14150130
14151042
14152020
