14122061
14123025
14123029
14123030
14123076
14123077
14124001
14124003
14124005
14124006
14124007
14124026
14124029
14124036
14129026
14130033
14130034
14132011
14132023
14132046
14132061
14136010
14136012
14137021
14138020
14138060
14138051
14139015
14139016
14139017
14139018
14139019
14139021
14139022
14139023
14139058
14139068
14139069
14139071
14140002
14140014
14140024
14140025
14140028
14140029
14140030
14140043
14141015
14141016
14141018
14141019
14141020
14141022
14141023
14141025
14141045
14141046
14143081
14143091
14143092
14145022
14145023
14145025
14145028
14145036
14145038
14145039
14145040
14145080
14146055
14147009
14148066
14148067
14149033
14150130
14151042
14152020
14152049
14156003
