14123076
14124006
14124036
14130033
14130034
14132023
14132046
14132061
14136010
14136012
14138060
14138062
14139015
14139016
14139017
14139018
14139019
14139058
14140014
14140021
14140024
14140025
14140028
14140029
14140030
14140043
14140053
14141015
14141016
14141018
14141019
14141020
14141022
14141023
14141025
14141045
14141046
14142004
14143081
14143091
14143092
14144028
14145022
14145023
14145024
14145025
14145028
14145036
14145038
14145039
14145080
14145082
14145090
14146019
14146020
14146021
14146055
14146066
14146068
14146069
14147012
14147065
14147076
14147077
14148058
14148066
14148067
14148082
14149027
14150130
14151042
14151098
14151106
14152019
14152023
14152060
14152067
14154018
14155011
14155049
14155060
14155095
14155099
14156016
