17333
17338
17340
17341
17345
17346
17347
17352
17380
17382
17384
17389
17391
17396
17399
17402
17403
17405
17406
17407
17409
17410
17414
17415
17416
17426
17427
17429
17430
17431
17433
17434
17436
17443
17447
17451
17452
17454
17455
17461
17479
17485
17486
17488
17491
17492
17494
17502
17512
17513
17514
17515
17517
17518
17520
17521
17524
17526
17527
17529
17530
17533
17534
17536
17543
17544
17545
17548
17550
17553
17554
17555
17556
17558
17560
17561
17562
17566
17568
17570
17571
17572
17573
17576
17579
17580
17581
17583
17586
17587
17589
17593
17594
17596
17600
17601
