0 0 17601 1.038072
1 0 17601 1.038072
2 0 17601 1.038072
3 0 17601 1.038072
4 0 17601 1.038072
5 0 17601 1.038072
6 0 17601 1.038072
7 0 17601 1.038072
8 0 17601 1.038072
9 0 17601 1.038072
10 0 17601 1.038072
11 0 17601 1.038072
12 0 17601 1.038072
13 0 17601 1.038072
14 0 17601 1.038072
15 0 17601 1.038072
16 0 17601 1.038072
17 0 17601 1.038072
18 0 17601 1.038072
19 0 17601 1.038072
20 0 17601 1.038072
21 0 17601 1.038072
22 0 17601 1.038072
23 0 17601 1.038072
24 0 17601 1.038072
25 0 17601 1.038072
26 0 17601 1.038072
27 0 17601 1.038072
28 0 17601 1.038072
29 0 17601 1.038072
30 0 17601 1.038072
31 0 17601 1.038072
32 0 17601 1.038072
33 0 17601 1.038072
34 0 17601 1.038072
35 0 17601 1.038072
36 0 17601 1.038072
37 0 17601 1.038072
38 0 17601 1.038072
39 0 17601 1.038072
40 0 17601 1.038072
41 0 17601 1.038072
42 0 17601 1.038072
43 0 17601 1.038072
44 0 17601 1.038072
45 0 17601 1.038072
46 0 17601 1.038072
47 0 17601 1.038072
48 0 17601 1.038072
49 0 17601 1.038072
50 0 17601 1.038072
51 0 17601 1.038072
52 0 17601 1.038072
53 0 17601 1.038072
54 0 17601 1.038072
55 0 17601 1.038072
56 0 17601 1.038072
57 0 17601 1.038072
58 0 17601 1.038072
59 0 17601 1.038072
60 0 17601 1.038072
61 0 17601 1.038072
62 0 17601 1.038072
63 0 17601 1.038072
64 0 17601 1.038072
65 0 17601 1.038072
66 0 17601 1.038072
67 0 17601 1.038072
68 0 17601 1.038072
69 0 17601 1.038072
70 0 17601 1.038072
71 0 17601 1.038072
72 0 17601 1.038072
73 0 17601 1.038072
74 0 17601 1.038072
75 0 17601 1.038072
76 0 17601 1.038072
77 0 17601 1.038072
78 0 17601 1.038072
79 0 17601 1.038072
80 0 17601 1.038072
81 0 17601 1.038072
82 0 17601 1.038072
83 0 17601 1.038072
84 0 17601 1.038072
85 0 17601 1.038072
86 0 17601 1.038072
87 0 17601 1.038072
88 0 17601 1.038072
89 0 17601 1.038072
90 0 17601 1.038072
91 0 17601 1.038072
92 0 17601 1.038072
93 0 17601 1.038072
94 0 17601 1.038072
95 0 17601 1.038072
96 0 17601 1.038072
97 0 17601 1.038072
98 0 17601 1.038072
99 0 17601 1.038072
100 0 17601 1.038072
101 0 17601 1.038072
102 0 17601 1.038072
103 0 17601 1.038072
104 0 17601 1.038072
105 0 17601 1.038072
106 0 17601 1.038072
107 0 17601 1.038072
108 0 17601 1.038072
109 0 17601 1.038072
110 0 17601 1.038072
111 0 17601 1.038072
112 0 17601 1.038072
113 0 17601 1.038072
114 0 17601 1.038072
115 0 17601 1.038072
116 0 17601 1.038072
117 0 17601 1.038072
118 0 17601 1.038072
119 0 17601 1.038072
120 0 17601 1.038072
121 0 17601 1.038072
122 0 17601 1.038072
123 0 17601 1.038072
124 0 17601 1.038072
125 0 17601 1.038072
126 0 17601 1.038072
127 0 17601 1.038072
128 0 17601 1.038072
129 0 17601 1.038072
130 0 17601 1.038072
131 0 17601 1.038072
132 0 17601 1.038072
133 0 17601 1.038072
134 0 17601 1.038072
135 0 17601 1.038072
136 0 17601 1.038072
137 0 17601 1.038072
138 0 17601 1.038072
139 0 17601 1.038072
140 0 17601 1.038072
141 0 17601 1.038072
142 0 17601 1.038072
143 0 17601 1.038072
144 0 17601 1.038072
145 0 17601 1.038072
146 0 17601 1.038072
147 0 17601 1.038072
148 0 17601 1.038072
149 0 17601 1.038072
150 0 17601 1.038072
151 0 17601 1.038072
152 0 17601 1.038072
153 0 17601 1.038072
154 0 17601 1.038072
155 0 17601 1.038072
156 0 17601 1.038072
157 0 17601 1.038072
158 0 17601 1.038072
159 0 17601 1.038072
160 0 17601 1.038072
161 0 17601 1.038072
162 0 17601 1.038072
163 0 17601 1.038072
164 0 17601 1.038072
165 0 17601 1.038072
166 0 17601 1.038072
167 0 17601 1.038072
168 0 17601 1.038072
169 0 17601 1.038072
170 0 17601 1.038072
171 0 17601 1.038072
172 0 17601 1.038072
173 0 17601 1.038072
174 0 17601 1.038072
175 0 17601 1.038072
176 0 17601 1.038072
177 0 17601 1.038072
178 0 17601 1.038072
179 0 17601 1.038072
180 0 17601 1.038072
181 0 17601 1.038072
182 0 17601 1.038072
183 0 17601 1.038072
184 0 17601 1.038072
185 0 17601 1.038072
186 0 17601 1.038072
187 0 17601 1.038072
188 0 17601 1.038072
189 0 17601 1.038072
190 0 17601 1.038072
191 0 17601 1.038072
192 0 17601 1.038072
193 0 17601 1.038072
194 0 17601 1.038072
195 0 17601 1.038072
196 0 17601 1.038072
197 0 17601 1.038072
198 0 17601 1.038072
199 0 17601 1.038072
200 0 17601 1.038072
201 0 17601 1.038072
202 0 17601 1.038072
203 0 17601 1.038072
204 0 17601 1.038072
205 0 17601 1.038072
206 0 17601 1.038072
207 0 17601 1.038072
208 0 17601 1.038072
209 0 17601 1.038072
210 0 17601 1.038072
211 0 17601 1.038072
212 0 17601 1.038072
213 0 17601 1.038072
214 0 17601 1.038072
215 0 17601 1.038072
216 0 17601 1.038072
217 0 17601 1.038072
218 0 17601 1.038072
219 0 17601 1.038072
220 0 17601 1.038072
221 0 17601 1.038072
222 0 17601 1.038072
223 0 17601 1.038072
224 0 17601 1.038072
225 0 17601 1.038072
226 0 17601 1.038072
227 0 17601 1.038072
228 0 17601 1.038072
229 0 17601 1.038072
230 0 17601 1.038072
231 0 17601 1.038072
232 0 17601 1.038072
233 0 17601 1.038072
234 0 17601 1.038072
235 0 17601 1.038072
236 0 17601 1.038072
237 0 17601 1.038072
238 0 17601 1.038072
239 0 17601 1.038072
240 0 17601 1.038072
241 0 17601 1.038072
242 0 17601 1.038072
243 0 17601 1.038072
244 0 17601 1.038072
245 0 17601 1.038072
246 0 17601 1.038072
247 0 17601 1.038072
248 0 17601 1.038072
249 0 17601 1.038072
250 0 17601 1.038072
251 0 17601 1.038072
252 0 17601 1.038072
253 0 17601 1.038072
254 0 17601 1.038072
255 0 17601 1.038072
256 0 17601 1.038072
257 0 17601 1.038072
258 0 17601 1.038072
259 0 17601 1.038072
260 0 17601 1.038072
261 0 17601 1.038072
262 0 17601 1.038072
263 0 17601 1.038072
264 0 17601 1.038072
265 0 17601 1.038072
266 0 17601 1.038072
267 0 17601 1.038072
268 0 17601 1.038072
269 0 17601 1.038072
270 0 17601 1.038072
271 0 17601 1.038072
272 0 17601 1.038072
273 0 17601 1.038072
274 0 17601 1.038072
275 0 17601 1.038072
276 0 17601 1.038072
277 0 17601 1.038072
278 0 17601 1.038072
279 0 17601 1.038072
280 0 17601 1.038072
281 0 17601 1.038072
282 0 17601 1.038072
283 0 17601 1.038072
284 0 17601 1.038072
285 0 17601 1.038072
286 0 17601 1.038072
287 0 17601 1.038072
288 0 17601 1.038072
289 0 17601 1.038072
290 0 17601 1.038072
291 0 17601 1.038072
292 0 17601 1.038072
293 0 17601 1.038072
294 0 17601 1.038072
295 0 17601 1.038072
296 0 17601 1.038072
297 0 17601 1.038072
298 0 17601 1.038072
299 0 17601 1.038072
300 0 17601 1.038072
301 0 17601 1.038072
302 0 17601 1.038072
303 0 17601 1.038072
304 0 17601 1.038072
305 0 17601 1.038072
306 0 17601 1.038072
307 0 17601 1.038072
308 0 17601 1.038072
309 0 17601 1.038072
310 0 17601 1.038072
311 0 17601 1.038072
312 0 17601 1.038072
313 0 17601 1.038072
314 0 17601 1.038072
315 0 17601 1.038072
316 0 17601 1.038072
317 0 17601 1.038072
318 0 17601 1.038072
319 0 17601 1.038072
320 0 17601 1.038072
321 0 17601 1.038072
322 0 17601 1.038072
323 0 17601 1.038072
324 0 17601 1.038072
325 0 17601 1.038072
326 0 17601 1.038072
327 0 17601 1.038072
328 0 17601 1.038072
329 0 17601 1.038072
330 0 17601 1.038072
331 0 17601 1.038072
332 0 17601 1.038072
333 0 17601 1.038072
334 0 17601 1.038072
335 0 17601 1.038072
336 0 17601 1.038072
337 0 17601 1.038072
338 0 17601 1.038072
339 0 17601 1.038072
340 0 17601 1.038072
341 0 17601 1.038072
342 0 17601 1.038072
343 0 17601 1.038072
344 0 17601 1.038072
345 0 17601 1.038072
346 0 17601 1.038072
347 0 17601 1.038072
348 0 17601 1.038072
349 0 17601 1.038072
350 0 17601 1.038072
351 0 17601 1.038072
352 0 17601 1.038072
353 0 17601 1.038072
354 0 17601 1.038072
355 0 17601 1.038072
356 0 17601 1.038072
357 0 17601 1.038072
358 0 17601 1.038072
359 0 17601 1.038072
360 0 17601 1.038072
361 0 17601 1.038072
362 0 17601 1.038072
363 0 17601 1.038072
364 0 17601 1.038072
365 0 17601 1.038072
366 0 17601 1.038072
367 0 17601 1.038072
368 0 17601 1.038072
369 0 17601 1.038072
370 0 17601 1.038072
371 0 17601 1.038072
372 0 17601 1.038072
373 0 17601 1.038072
374 0 17601 1.038072
375 0 17601 1.038072
376 0 17601 1.038072
377 0 17601 1.038072
378 0 17601 1.038072
379 0 17601 1.038072
380 0 17601 1.038072
381 0 17601 1.038072
382 0 17601 1.038072
383 0 17601 1.038072
384 0 17601 1.038072
385 0 17601 1.038072
386 0 17601 1.038072
387 0 17601 1.038072
388 0 17601 1.038072
389 0 17601 1.038072
390 0 17601 1.038072
391 0 17601 1.038072
392 0 17601 1.038072
393 0 17601 1.038072
394 0 17601 1.038072
395 0 17601 1.038072
396 0 17601 1.038072
397 0 17601 1.038072
398 0 17601 1.038072
399 0 17601 1.038072
400 0 17601 1.038072
401 0 17601 1.038072
402 0 17601 1.038072
403 0 17601 1.038072
404 0 17601 1.038072
405 0 17601 1.038072
406 0 17601 1.038072
407 0 17601 1.038072
408 0 17601 1.038072
409 0 17601 1.038072
410 0 17601 1.038072
411 0 17601 1.038072
412 0 17601 1.038072
413 0 17601 1.038072
414 0 17601 1.038072
415 0 17601 1.038072
416 0 17601 1.038072
417 0 17601 1.038072
418 0 17601 1.038072
419 0 17601 1.038072
420 0 17601 1.038072
421 0 17601 1.038072
422 0 17601 1.038072
423 0 17601 1.038072
424 0 17601 1.038072
425 0 17601 1.038072
426 0 17601 1.038072
427 0 17601 1.038072
428 0 17601 1.038072
429 0 17601 1.038072
430 0 17601 1.038072
431 0 17601 1.038072
432 0 17601 1.038072
433 0 17601 1.038072
434 0 17601 1.038072
435 0 17601 1.038072
436 0 17601 1.038072
437 0 17601 1.038072
438 0 17601 1.038072
439 0 17601 1.038072
440 0 17601 1.038072
441 0 17601 1.038072
442 0 17601 1.038072
443 0 17601 1.038072
444 0 17601 1.038072
445 0 17601 1.038072
446 0 17601 1.038072
447 0 17601 1.038072
448 0 17601 1.038072
449 0 17601 1.038072
450 0 17601 1.038072
451 0 17601 1.038072
452 0 17601 1.038072
453 0 17601 1.038072
454 0 17601 1.038072
455 0 17601 1.038072
456 0 17601 1.038072
457 0 17601 1.038072
458 0 17601 1.038072
459 0 17601 1.038072
460 0 17601 1.038072
461 0 17601 1.038072
462 0 17601 1.038072
463 0 17601 1.038072
464 0 17601 1.038072
465 0 17601 1.038072
466 0 17601 1.038072
467 0 17601 1.038072
468 0 17601 1.038072
469 0 17601 1.038072
470 0 17601 1.038072
471 0 17601 1.038072
472 0 17601 1.038072
473 0 17601 1.038072
474 0 17601 1.038072
475 0 17601 1.038072
476 0 17601 1.038072
477 0 17601 1.038072
478 0 17601 1.038072
479 0 17601 1.038072
480 0 17601 1.038072
481 0 17601 1.038072
482 0 17601 1.038072
483 0 17601 1.038072
484 0 17601 1.038072
485 0 17601 1.038072
486 0 17601 1.038072
487 0 17601 1.038072
488 0 17601 1.038072
489 0 17601 1.038072
490 0 17601 1.038072
491 0 17601 1.038072
492 0 17601 1.038072
493 0 17601 1.038072
494 0 17601 1.038072
495 0 17601 1.038072
496 0 17601 1.038072
497 0 17601 1.038072
498 0 17601 1.038072
499 0 17601 1.038072
500 0 17601 1.038072
501 0 17601 1.038072
502 0 17601 1.038072
503 0 17601 1.038072
504 0 17601 1.038072
