14096079
14097026
14097028
14097063
14097064
14097065
14097067
14097068
14097070
14098002
14098004
14098005
14098006
14098007
14098010
14098011
14098012
14098013
14098044
14098045
14099009
14099010
14099012
14099013
14099014
14099015
14099017
14099018
14099019
14099020
14099024
14099025
14099027
14099028
14099029
14099030
14099031
14099032
14099033
14099048
14099089
14099090
14100004
14100006
14100007
14100008
14100009
14100011
14100012
14100014
14100018
14100019
14100020
14100021
14100022
14104039
14104040
14104041
14104042
14104044
14104045
14104046
14104047
14104049
14104050
14104051
14104053
14104059
14104060
14104061
14104062
14104063
14105001
14105002
14105006
14105007
14105008
14105009
14105010
14105011
14105013
14105014
14105015
14105016
14105019
14105020
14105021
14105022
14105024
14105025
14105026
14105029
14105030
14105031
14105032
14105033
14105034
14105035
14105036
14105037
14105038
14105039
14105043
14106002
14106003
14106004
14106005
14106006
14106007
14106008
14106014
14106030
14106031
14106032
14106033
14106034
14106035
14106036
14106037
14106039
14106040
14106041
14106042
14106043
14107133
14107134
14107139
14107141
14107142
14107144
14108001
14108002
14108003
14108005
14108006
14108007
14108008
14108013
14108014
14108015
14108016
14108017
14108018
14108019
14108059
14108073
14108075
14108077
14108078
14108079
14108080
14108081
14108082
14108083
14108084
14108085
14108086
14108091
14108092
14108095
14108096
14109012
14109013
14109045
14109046
14109047
14109082
14110003
14110004
14110005
14110007
14110009
14110012
14110013
14110014
14110018
14110019
14110020
14110021
14110022
14110023
14110024
14110025
14110026
14110027
14110041
14110044
14110045
14110046
14110047
14110048
14110050
14110051
14110053
14110054
14110055
14110056
14110057
14110058
14110059
14110060
14110061
14110062
14110064
14110065
14111035
14111068
14111070
14112024
14112025
14112032
14112033
14112034
14113001
14113003
14113038
14113039
14115063
14115064
14115065
14115066
14115067
14115068
14115069
14115070
14115071
14115072
14115074
14115075
14116001
14116002
14116014
14116015
14116017
14116046
14116047
14116048
14116050
14116051
14116055
14116056
14116057
14117002
14117004
14117012
14117013
14117015
14117016
14117019
14117020
14117021
14117022
14117023
14117024
14117025
14117026
14117027
14117028
14117044
14117046
14117047
14117053
14117056
14117058
14117059
14117060
14117061
14117062
14117063
14117064
14117065
14117069
14118013
14118014
14118015
14118016
14118017
14118018
14118019
14118020
14118021
14118022
14118023
14118024
14118026
14118028
14118029
14118030
14118032
14118033
14118034
14118035
14118048
14118049
14118051
14118052
14118053
14118055
14118056
14118057
14118059
14118060
14118061
14118062
14118063
14118064
14119005
14119006
14119007
14119008
14119009
14119010
14119011
14119014
14119017
14119018
14119019
14119020
14119022
14119023
14120113
14120114
14120115
14120116
14120117
14120118
14120120
14120121
14121001
14121002
14121003
14121004
14121009
14121010
14121013
14121014
14121016
14121017
14121018
14121019
14121020
14121021
14121022
14121023
14122006
14122008
14122009
14122010
14122011
14122012
14122013
14122014
14122015
14122016
14122017
14122018
14122019
14122020
14122021
14122022
14122023
14122024
14122025
14122045
14122048
14122049
14122055
14122056
14122057
14122058
14122059
14122060
14122061
14122062
14123001
14123002
14123004
14123005
14123006
14123008
14123009
14123010
14123015
14123016
14123018
14123019
14123025
14123026
14123027
14123075
14123076
14123077
14123078
14124001
14124003
14124006
14124007
14124024
14124025
14124026
14124027
14124029
14124031
14124034
14124035
14124036
14124037
14124038
14125002
14125004
14125005
14129021
14129022
14129023
14129024
14129025
14129026
14129027
14129028
14129029
14130033
14130034
14130035
14130037
14130039
14130040
14130041
14130043
14131001
14131002
14131003
14131022
14131024
14131025
14131026
14131028
14131029
14132006
14132007
14132009
14132011
14132012
14132015
14132016
14132018
14132019
14132020
14132021
14132023
14132024
14132025
14132026
14132039
14132040
14132041
14132046
14132058
14132059
14132060
14132061
14132067
14132068
14132075
14132076
14132077
14132078
14132079
14132080
14132082
14133001
14133002
14133004
14135001
14135002
14135003
14135004
14135006
14135007
14136002
14136004
14136005
14136006
14136007
14136008
14136009
14136010
14136011
14136012
14136014
14136030
14136031
14136032
14136035
14136036
14136037
14136047
14136048
14136049
14136053
14136054
14136055
14136056
14136057
14136059
14136060
14136061
14137001
14137002
14137003
14137004
14137005
14137009
14137010
14137011
14137012
14137013
14137014
14137016
14137017
14137018
14137019
14137020
14137021
14137055
14137060
14137061
14137064
14137073
14137078
14137090
14138002
14138003
14138004
14138005
14138006
14138007
14138008
14138011
14138012
14138041
14138044
14138045
14138046
14138047
14138048
14138050
14138051
14138052
14138060
14138061
14138062
14138063
14138065
14138066
14139001
14139015
14139016
14139017
14139018
14139019
14139020
14139021
14139022
14139023
14139043
14139044
14139046
14139047
14139049
14139050
14139051
14139052
14139058
14139059
14139060
14139062
14139065
14139068
14139069
14139071
14140002
14140003
14140004
14140005
14140006
14140007
14140008
14140014
14140015
14140016
14140017
14140020
14140021
14140022
14140024
14140025
14140026
14140028
14140029
14140030
14140043
14140044
14140045
14140046
14140047
14140048
14140049
14140050
14140051
14140052
14140053
14140054
14140055
14140056
14140057
14140058
14140059
14140060
14140061
14140062
14141007
14141014
14141015
14141016
14141017
14141018
14141019
14141020
14141021
14141022
14141023
14141024
14141025
14141045
14141046
14141050
14141051
14141052
14141053
14141056
14141057
14141068
14141069
14141070
14141071
14141072
14142002
14142003
14142004
14142005
14142007
14142009
14142011
14142012
14142013
14142014
14142015
14142016
14142017
14142106
14142118
14142121
14143081
14143091
14143092
14143093
14143111
14143112
14143113
14143114
14143115
14143116
14143117
14143118
14143119
14143120
14143121
14144004
14144005
14144006
14144007
14144008
14144024
14144025
14144026
14144027
14144028
14144030
14144032
14144035
14144036
14144057
14144117
14145009
14145010
14145011
14145012
14145021
14145022
14145023
14145024
14145025
14145028
14145029
14145030
14145031
14145032
14145033
14145034
14145036
14145038
14145039
14145040
14145064
14145066
14145067
14145068
14145069
14145070
14145072
14145073
14145074
14145075
14145076
14145077
14145080
14145081
14145082
14145083
14145084
14145085
14145090
14146006
14146007
14146008
14146010
14146011
14146012
14146013
14146014
14146015
14146016
14146017
14146018
14146019
14146020
14146021
14146022
14146023
14146024
14146025
14146026
14146027
14146028
14146050
14146052
14146053
14146054
14146055
14146056
14146057
14146058
14146059
14146060
14146065
14146066
14146067
14146068
14146069
14146070
14146071
14146072
14146073
14146074
14146084
14146085
14147001
14147002
14147003
14147004
14147005
14147006
14147007
14147008
14147009
14147010
14147011
14147012
14147013
14147014
14147015
14147016
14147017
14147049
14147051
14147053
14147054
14147055
14147056
14147057
14147061
14147062
14147063
14147065
14147066
14147067
14147068
14147074
14147076
14147077
14148011
14148012
14148017
14148018
14148020
14148021
14148022
14148023
14148024
14148025
14148030
14148033
14148034
14148057
14148058
14148059
14148061
14148065
14148066
14148067
14148068
14148069
14148070
14148072
14148073
14148074
14148075
14148076
14148077
14148078
14148079
14148080
14148081
14148082
14149014
14149016
14149017
14149019
14149020
14149021
14149022
14149023
14149024
14149025
14149027
14149028
14149034
14149131
14150002
14150003
14150004
14150005
14150008
14150010
14150011
14150013
14150015
14150130
14150131
14150132
14150133
14150134
14150135
14150136
14150137
14150138
14150139
14151009
14151011
14151012
14151013
14151014
14151019
14151022
14151023
14151024
14151026
14151027
14151030
14151031
14151032
14151033
14151035
14151037
14151038
14151039
14151042
14151084
14151085
14151089
14151090
14151095
14151097
14151098
14151101
14151103
14151104
14151105
14151106
14151107
14151109
14152001
14152006
14152007
14152008
14152011
14152012
14152014
14152015
14152017
14152018
14152019
14152020
14152021
14152022
14152023
14152045
14152046
14152047
14152048
14152049
14152050
14152051
14152052
14152054
14152057
14152058
14152059
14152060
14152065
14152067
14152068
14153003
14153007
14153008
14153009
14153010
14153011
14153012
14153013
14153014
14153016
14153017
14153018
14153019
14153020
14153021
14153022
14153023
14153024
14153037
14153038
14153039
14153040
14153041
14153044
14153045
14153048
14153049
14153053
14153054
14153055
14153057
14153060
14153061
14153071
14153072
14153073
14154002
14154003
14154004
14154006
14154007
14154008
14154009
14154011
14154013
14154014
14154016
14154017
14154018
14154032
14154033
14154035
14154037
14154038
14154039
14154040
14154041
14154042
14154043
14154045
14155004
14155005
14155006
14155007
14155010
14155011
14155012
14155013
14155044
14155048
14155049
14155050
14155051
14155056
14155057
14155058
14155059
14155060
14155061
14155087
14155092
14155093
14155094
14155095
14155096
14155097
14155098
14155099
14155100
14156001
14156003
14156015
14156016
14156094
14157002
14157003
14157004
14157005
14157006
14157007
14157008
14157009
14157010
14157011
14157013
14157014
14157015
14157017
14157018
14157019
14157020
14157021
14157022
14157023
14157024
14158001
14158003
14158004
14158005
14158006
14158015
14158016
14158017
14160010
14160011
14160012
14160014
14160015
14160016
14160017
14160019
14160020
14160021
14160023
14161002
14161003
14161004
14161005
14161006
14161007
14161008
14161009
14161010
14161011
14161012
14161013
14161014
14161015
14161016
14161018
14161020
