0.000000 0.666667 0.000331 0.001379 11.685100 15.000000
0.666667 1.333333 -0.001206 0.000908 16.673828 15.000000
1.333333 2.000000 0.001187 0.000771 21.785641 15.000000
2.000000 2.666667 0.000201 0.000507 10.590999 15.000000
2.666667 3.333333 -0.000205 0.000504 16.946199 15.000000
3.333333 4.000000 0.000355 0.000634 21.213655 15.000000
4.000000 4.666667 -0.001855 0.000903 10.744896 15.000000
4.666667 5.333333 -0.000877 0.001303 18.827276 15.000000
5.333333 6.000000 0.003387 0.001815 6.088741 15.000000
6.000000 6.666667 -0.002157 0.002518 29.049475 15.000000
6.666667 7.333333 -0.000702 0.003500 20.754528 15.000000
7.333333 8.000000 0.002374 0.004761 16.004007 15.000000
8.000000 8.666667 0.011414 0.006566 15.711447 15.000000
8.666667 9.333333 0.019845 0.009162 13.240520 15.000000
9.333333 10.000000 0.011108 0.012317 7.031562 15.000000
