0.000000 1.000000 -0.017679 0.020498 13.359579 15.000000
1.000000 2.000000 -0.016384 0.015298 15.765903 15.000000
2.000000 3.000000 0.010091 0.009900 12.013095 15.000000
3.000000 4.000000 0.004582 0.012244 9.920609 15.000000
4.000000 5.000000 -0.007441 0.020873 10.668291 15.000000
5.000000 6.000000 -0.079690 0.036606 11.981110 15.000000
6.000000 7.000000 -0.127955 0.059605 7.350924 15.000000
7.000000 8.000000 -0.119343 0.099181 8.122194 13.000000
8.000000 9.000000 0.297863 0.159553 11.032681 11.000000
9.000000 10.000000 -0.121991 0.272863 10.101461 12.000000
