0.000000 0.666667 -0.001649 0.000775 17.276932 15.000000
0.666667 1.333333 -0.000184 0.000529 11.926334 15.000000
1.333333 2.000000 0.000720 0.000540 11.058146 15.000000
2.000000 2.666667 -0.000011 0.000423 12.748889 15.000000
2.666667 3.333333 -0.000342 0.000450 15.375656 15.000000
3.333333 4.000000 0.000688 0.000580 19.950830 15.000000
4.000000 4.666667 -0.001811 0.000840 11.119117 15.000000
4.666667 5.333333 -0.000632 0.001228 12.373652 15.000000
5.333333 6.000000 0.004025 0.001734 8.035480 15.000000
6.000000 6.666667 -0.003269 0.002432 29.280598 15.000000
6.666667 7.333333 0.000901 0.003412 28.142891 15.000000
7.333333 8.000000 0.007210 0.004671 24.326422 15.000000
8.000000 8.666667 0.010571 0.006462 12.891758 15.000000
8.666667 9.333333 0.018743 0.009088 12.883139 15.000000
9.333333 10.000000 0.011914 0.012424 7.821714 15.000000
